id,430,70,63,194,69,79,72
430,0.0,0.24205171097665676,0.23161146774979344,0.2793180220608338,0.2758762638638608,0.2905412018077131,0.30268978249269324
70,0.24205171097665676,0.0,0.184824406665864,0.21311016606594593,0.17638844756393068,0.1631759312646568,0.14472673127120295
63,0.23161146774979344,0.184824406665864,0.0,0.23763412926893956,0.1617225384817168,0.2402297764118192,0.23018489627338207
194,0.2793180220608338,0.21311016606594593,0.23763412926893956,0.0,0.2545305988642588,0.17662539120677062,0.20289290050280748
69,0.2758762638638608,0.17638844756393068,0.1617225384817168,0.2545305988642588,0.0,0.2457120572231211,0.203328846599509
79,0.2905412018077131,0.1631759312646568,0.2402297764118192,0.17662539120677062,0.2457120572231211,0.0,0.24256227506243028
72,0.30268978249269324,0.14472673127120295,0.23018489627338207,0.20289290050280748,0.203328846599509,0.24256227506243028,0.0
