id,430,70,63,194,69,79,72
430,0.0,0.738823244711463,0.7094834544586764,0.5803956981763317,0.5965418867081885,0.7920911030133103,0.5686302629713422
70,0.7388232447114619,0.0,0.4079342357735313,0.4624669762760036,0.29560594526393164,0.4037939634670342,0.312580617427696
63,0.7094834544586764,0.4079342357735313,0.0,0.3003876566856932,0.3310806406592705,0.4953962293015851,0.3991644598655558
194,0.5803956981763317,0.4624669762760036,0.3003876566856932,0.0,0.3514116434152998,0.5343055274258597,0.3774994418854826
69,0.5965418867081885,0.29560594526393164,0.3310806406592705,0.3514116434152998,0.0,0.43173306513314375,0.23868548434722656
79,0.7920911030133114,0.4037939634670342,0.4953962293015851,0.5343055274258597,0.43173306513314375,0.0,0.5438274836315344
72,0.5686302629713422,0.312580617427696,0.3991644598655558,0.3774994418854826,0.23868548434722656,0.5438274836315344,0.0
